// ALICE
ALICE_PRIVATE_KEY=302e020100300506032b65700422042022e8d0f301ba71c0a964df0d4d52a978fbe5a01a9f926875bb251ed08a731f9e
ALICE_ACCOUNT_ID=0.0.924169

// BOB
BOB_PRIVATE_KEY=302e020100300506032b657004220420506d3fa655025a0fa47d94308e3cd87adfce6d9039258cb122d5f38e6c6e2f2a
BOB_ACCOUNT_ID=0.0.1134721-xuibm