// OPERATOR 
OPERATOR_PRIVATE_KEY=302e020100300506032b65700422042022e8d0f301ba71c0a964df0d4d52a978fbe5a01a9f926875bb251ed08a731f9e
OPERATOR_ACCOUNT_ID=0.0.4007214

// RECEIVER
RECEIVER_PRIVATE_KEY=302e020100300506032b657004220420e4d97ae7d736f71be43014ead2d6f89924cac5c70f0e1f219d0f8fb07a664c20
RECEIVER_ACCOUNT_ID=0.0.4042742-rqmmq