// OPERATOR 
OPERATOR_PRIVATE_KEY=302e020100300506032b65700422042022e8d0f301ba71c0a964df0d4d52a978fbe5a01a9f926875bb251ed08a731f9e
OPERATOR_ACCOUNT_ID=0.0.924169

// RECEIVER
RECEIVER_PRIVATE_KEY=302e020100300506032b657004220420790042cbb970d64e6d904c7772cc3223799789165090fcc812132805392f43fb
RECEIVER_ACCOUNT_ID=0.0.1110353-vtmgz